100
 


4 13 
3 5 14
4 6 
5 7 16
6 8 17
7 9 18
8 19 



14 23 3
13 15 24 4
14 16 25 5
15 17 26 6
16 18 27 7
17 19 28 8
18 29 9



24 33 13
23 25 14
24 26 15
25 27 16
26 28 37 17
27 29 38 18
28 39 19
31 40
30 32 41
31 33
32 23



38 47 27
37 39 48 28
38 49
41 50 30
40 51 31





48 57 37
47 49 58 38
48 59 39
51 60 40
50 61 41





58 67 47
57 59 68 48
58 69 49
61 70 50
60 62 71 51
61 63 72
62 64 73
63 65 74
64 66 75
65 67 76
66 68 77 57
67 69 78 58
68 79 59
71 80 60
70 72 81 61
71 73 82 62
72 74 83 63
73 75 84 64
74 76 85 65
75 77 86 66
76 78 87 67
77 79 88 68
78 89 69
81 90 70
80 82 91 71
81 83 92 72
82 84 93 73
83 85 94 74
84 86 95 75
85 87 96 76
86 88 97 77
87 89 98 78
88 99 79
91 80
90 92 81
91 93 82
92 94 83
93 95 84
94 96 85
95 97 86
96 98 87
97 99 88
98 89
1
15 81